MEME version 4

ALPHABET= ACGT

strands: + -

Background letter frequencies
A 0.25 C 0.25 G 0.25 T 0.25 

MOTIF BPTF
letter-probability matrix:
0.416666666667	0.166666666667	0.333333333333	0.0833333333333
0.333333333333	0.333333333333	0.166666666667	0.166666666667
0.291666666667	0.375	0.208333333333	0.125
0.25	0.625	0.0833333333333	0.0416666666667
0.791666666667	0.0416666666667	0.0833333333333	0.0833333333333
0.333333333333	0.5	0.0	0.166666666667
0.916666666667	0.0416666666667	0.0416666666667	0.0
0.916666666667	0.0416666666667	0.0	0.0416666666667
0.166666666667	0.666666666667	0.125	0.0416666666667
0.75	0.166666666667	0.0416666666667	0.0416666666667
0.25	0.541666666667	0.0416666666667	0.166666666667
0.416666666667	0.125	0.375	0.0833333333333
0.25	0.25	0.166666666667	0.333333333333
0.541666666667	0.0833333333333	0.166666666667	0.208333333333

MOTIF OTX1
letter-probability matrix:
0.6	0.0	0.0	0.4
0.6	0.0	0.2	0.2
0.0	0.4	0.4	0.2
0.0	0.0	0.0	1.0
1.0	0.0	0.0	0.0
1.0	0.0	0.0	0.0
0.0	0.0	0.285714285714	0.714285714286
0.0	1.0	0.0	0.0
0.142857142857	0.714285714286	0.0	0.142857142857

MOTIF ZFX
letter-probability matrix:
0.088	0.376	0.486	0.05
0.18	0.34	0.34	0.14
0.042	0.514	0.434	0.01
0.088	0.542	0.176	0.194
0.708	0.056	0.222	0.014
0.004	0.004	0.99	0.002
0.002	0.006	0.982	0.01
0.002	0.996	0.002	0.0
0.01	0.96	0.006	0.024
0.03	0.19	0.45	0.33
0.124	0.606	0.15	0.12
0.266	0.054	0.622	0.058
0.05	0.352	0.578	0.02
0.148	0.526	0.222	0.104
0.098	0.376	0.446	0.08
0.078	0.446	0.432	0.044

MOTIF LHX1
letter-probability matrix:
0.32	0.37	0.22	0.09
0.23	0.18	0.49	0.1
0.383838383838	0.171717171717	0.191919191919	0.252525252525
0.585858585859	0.0909090909091	0.161616161616	0.161616161616
0.03	0.17	0.02	0.78
0.01	0.08	0.0	0.91
0.98	0.01	0.01	0.0
0.98	0.0	0.0	0.02
0.02	0.0	0.0	0.98
0.0	0.01	0.01	0.98
0.91	0.0	0.08	0.01
0.78	0.02	0.17	0.03
0.37	0.15	0.08	0.4
0.5	0.12	0.09	0.29
0.64	0.11	0.06	0.19
0.277227722772	0.287128712871	0.138613861386	0.29702970297
0.15	0.18	0.35	0.32

MOTIF LHX2
letter-probability matrix:
0.31	0.07	0.12	0.5
0.44	0.24	0.21	0.11
0.45	0.24	0.12	0.19
0.666666666667	0.131313131313	0.141414141414	0.0606060606061
0.05	0.67	0.01	0.27
0.01	0.18	0.0	0.81
0.939393939394	0.0606060606061	0.0	0.0
0.96	0.0	0.04	0.0
0.0	0.04	0.0	0.96
0.0	0.0	0.0606060606061	0.939393939394
0.81	0.0	0.18	0.01
0.27	0.01	0.67	0.05
0.11	0.35	0.15	0.39
0.14	0.11	0.39	0.36
0.38	0.28	0.17	0.17
0.27	0.26	0.22	0.25
0.23	0.28	0.26	0.23

MOTIF LHX3
letter-probability matrix:
0.23	0.29	0.37	0.11
0.26	0.23	0.25	0.26
0.554455445545	0.227722772277	0.039603960396	0.178217821782
0.63	0.09	0.2	0.08
0.02	0.1	0.01	0.87
0.02	0.03	0.0	0.95
0.979797979798	0.0	0.020202020202	0.0
0.989898989899	0.0	0.0	0.010101010101
0.010101010101	0.0	0.0	0.989898989899
0.0	0.020202020202	0.0	0.979797979798
0.95	0.0	0.03	0.02
0.87	0.01	0.1	0.02
0.425742574257	0.0891089108911	0.128712871287	0.356435643564
0.343434343434	0.030303030303	0.0808080808081	0.545454545455
0.41	0.28	0.08	0.23
0.336633663366	0.316831683168	0.108910891089	0.237623762376
0.111111111111	0.232323232323	0.313131313131	0.343434343434

MOTIF LHX4
letter-probability matrix:
0.24	0.1	0.29	0.37
0.53	0.24	0.05	0.18
0.41	0.17	0.18	0.24
0.39	0.22	0.23	0.16
0.08	0.71	0.13	0.08
0.01	0.2	0.0	0.79
0.92	0.01	0.07	0.0
0.99	0.0	0.01	0.0
0.0	0.01	0.0	0.99
0.0	0.07	0.01	0.92
0.79	0.0	0.2	0.01
0.08	0.13	0.71	0.08
0.09	0.42	0.27	0.22
0.0891089108911	0.108910891089	0.247524752475	0.554455445545
0.31	0.09	0.14	0.46
0.06	0.08	0.19	0.67
0.18	0.12	0.55	0.15

MOTIF LHX5
letter-probability matrix:
0.19	0.35	0.3	0.16
0.252525252525	0.20202020202	0.313131313131	0.232323232323
0.465346534653	0.19801980198	0.138613861386	0.19801980198
0.62	0.06	0.2	0.12
0.03	0.1	0.02	0.85
0.01	0.07	0.0	0.92
0.98	0.01	0.01	0.0
0.989898989899	0.0	0.0	0.010101010101
0.010101010101	0.0	0.0	0.989898989899
0.0	0.01	0.01	0.98
0.92	0.0	0.07	0.01
0.85	0.02	0.1	0.03
0.53	0.14	0.07	0.26
0.29702970297	0.118811881188	0.0594059405941	0.524752475248
0.39603960396	0.237623762376	0.158415841584	0.207920792079
0.306930693069	0.316831683168	0.148514851485	0.227722772277
0.0891089108911	0.287128712871	0.207920792079	0.415841584158

MOTIF LHX6
letter-probability matrix:
0.418431726003	0.173276250563	0.348805768364	0.0594862550699
0.091888136182	0.523710265763	0.137397950321	0.247003647733
0.0	0.0536130536131	0.00593346047892	0.940453485908
0.884945164506	0.0179461615155	0.0971086739781	0.0
0.996855345912	0.00314465408805	0.0	0.0
0.0	0.0215337288508	0.00329597890574	0.975170292243
0.0	0.144201807229	0.0203313253012	0.83546686747
0.947683109118	0.0	0.0518898142217	0.000427076660261
0.316628701595	0.120918754746	0.52562642369	0.0368261199696
0.123506874014	0.372774397115	0.164074825332	0.339643903538

MOTIF LHX8
letter-probability matrix:
0.0926762222659	0.508148439034	0.18162183389	0.217553504811
0.0	0.281602708804	0.0	0.718397291196
0.735625541751	0.0231147067322	0.241259751517	0.0
1.0	0.0	0.0	0.0
0.0	0.0	0.0	1.0
0.0	0.28679608977	0.0121162054248	0.701087704805
0.72525281299	0.0	0.27474718701	0.0
0.268263943441	0.227022780833	0.423409269442	0.0813040062844

MOTIF LHX9
letter-probability matrix:
0.14	0.55	0.14	0.17
0.05	0.38	0.35	0.22
0.20202020202	0.484848484848	0.0606060606061	0.252525252525
0.666666666667	0.0707070707071	0.141414141414	0.121212121212
0.1	0.27	0.04	0.59
0.02	0.15	0.0	0.83
0.950495049505	0.029702970297	0.019801980198	0.0
0.97	0.0	0.02	0.01
0.01	0.02	0.0	0.97
0.0	0.019801980198	0.029702970297	0.950495049505
0.83	0.0	0.15	0.02
0.59	0.04	0.27	0.1
0.18	0.1	0.11	0.61
0.21	0.36	0.16	0.27
0.51	0.26	0.15	0.08
0.16	0.44	0.21	0.19
0.09	0.37	0.18	0.36

MOTIF NR0B1
letter-probability matrix:
0.32	0.19	0.35	0.14
0.39	0.27	0.24	0.1
0.43	0.06	0.34	0.17
0.17	0.27	0.4	0.16
0.26	0.24	0.23	0.27
0.14	0.24	0.35	0.27
0.19	0.45	0.27	0.09
0.85	0.0	0.14	0.01
0.97	0.0	0.03	0.0
0.05	0.0	0.94	0.01
0.0	0.0	0.96	0.04
0.04	0.11	0.02	0.83
0.0	0.88	0.11	0.01
0.77	0.04	0.01	0.18
0.17	0.37	0.33	0.13
0.29	0.31	0.21	0.19
0.17	0.21	0.31	0.31
0.21	0.2	0.28	0.31
0.23	0.32	0.2	0.25
0.29	0.32	0.22	0.17

MOTIF IRX5
letter-probability matrix:
0.37	0.11	0.15	0.37
0.44	0.1	0.19	0.27
0.31	0.17	0.2	0.32
0.33	0.22	0.21	0.24
0.326732673267	0.00990099009901	0.0693069306931	0.594059405941
0.93	0.02	0.01	0.04
0.0	0.96	0.01	0.03
0.94	0.0	0.01	0.05
0.05	0.01	0.0	0.94
0.03	0.01	0.96	0.0
0.04	0.01	0.02	0.93
0.594059405941	0.0693069306931	0.00990099009901	0.326732673267
0.346534653465	0.237623762376	0.19801980198	0.217821782178
0.38	0.11	0.21	0.3
0.54	0.07	0.12	0.27
0.21	0.21	0.25	0.33
0.30303030303	0.111111111111	0.131313131313	0.454545454545

MOTIF IRX4
letter-probability matrix:
0.45	0.08	0.14	0.33
0.35	0.18	0.23	0.24
0.3	0.2	0.19	0.31
0.27	0.23	0.26	0.24
0.326732673267	0.00990099009901	0.039603960396	0.623762376238
0.91	0.01	0.02	0.06
0.00990099009901	0.930693069307	0.00990099009901	0.049504950495
0.9	0.0	0.02	0.08
0.08	0.02	0.0	0.9
0.049504950495	0.00990099009901	0.930693069307	0.00990099009901
0.06	0.02	0.01	0.91
0.623762376238	0.039603960396	0.00990099009901	0.326732673267
0.565656565657	0.191919191919	0.10101010101	0.141414141414
0.46	0.08	0.16	0.3
0.51	0.11	0.13	0.25
0.2	0.32	0.24	0.24
0.386138613861	0.138613861386	0.148514851485	0.326732673267

MOTIF IRX6
letter-probability matrix:
0.36	0.18	0.12	0.34
0.54	0.13	0.12	0.21
0.4	0.16	0.12	0.32
0.313131313131	0.161616161616	0.282828282828	0.242424242424
0.2	0.01	0.03	0.76
0.95	0.01	0.01	0.03
0.00990099009901	0.950495049505	0.00990099009901	0.029702970297
0.95	0.0	0.02	0.03
0.03	0.02	0.0	0.95
0.029702970297	0.00990099009901	0.950495049505	0.00990099009901
0.03	0.01	0.01	0.95
0.76	0.03	0.01	0.2
0.37	0.27	0.18	0.18
0.40404040404	0.10101010101	0.212121212121	0.282828282828
0.48	0.11	0.11	0.3
0.32	0.22	0.21	0.25
0.13	0.06	0.07	0.74

MOTIF IRX3
letter-probability matrix:
0.4	0.11	0.16	0.33
0.38	0.13	0.24	0.25
0.27	0.15	0.26	0.32
0.277227722772	0.237623762376	0.237623762376	0.247524752475
0.22	0.01	0.03	0.74
0.959595959596	0.010101010101	0.010101010101	0.020202020202
0.01	0.97	0.0	0.02
0.95	0.0	0.01	0.04
0.04	0.01	0.0	0.95
0.02	0.0	0.97	0.01
0.020202020202	0.010101010101	0.010101010101	0.959595959596
0.74	0.03	0.01	0.22
0.45	0.2	0.2	0.15
0.267326732673	0.0891089108911	0.158415841584	0.485148514851
0.414141414141	0.111111111111	0.151515151515	0.323232323232
0.18	0.27	0.16	0.39
0.356435643564	0.128712871287	0.158415841584	0.356435643564

MOTIF IRX2
letter-probability matrix:
0.393939393939	0.0808080808081	0.10101010101	0.424242424242
0.465346534653	0.128712871287	0.128712871287	0.277227722772
0.316831683168	0.128712871287	0.257425742574	0.29702970297
0.41	0.14	0.25	0.2
0.22	0.01	0.03	0.74
0.95	0.01	0.01	0.03
0.0	0.979797979798	0.010101010101	0.010101010101
0.96	0.0	0.01	0.03
0.03	0.01	0.0	0.96
0.010101010101	0.010101010101	0.979797979798	0.0
0.03	0.01	0.01	0.95
0.74	0.03	0.01	0.22
0.40404040404	0.171717171717	0.212121212121	0.212121212121
0.3	0.19	0.29	0.22
0.4	0.11	0.12	0.37
0.178217821782	0.19801980198	0.267326732673	0.356435643564
0.34	0.11	0.08	0.47

MOTIF SP8
letter-probability matrix:
0.311377245509	0.161676646707	0.467065868263	0.059880239521
0.315789473684	0.66081871345	0.0	0.0233918128655
0.121951219512	0.814634146341	0.0	0.0634146341463
0.786982248521	0.195266272189	0.00591715976331	0.0118343195266
0.0388888888889	0.927777777778	0.00555555555556	0.0277777777778
0.0932835820896	0.138059701493	0.623134328358	0.14552238806
0.0277777777778	0.927777777778	0.0333333333333	0.0111111111111
0.0116279069767	0.970930232558	0.0174418604651	0.0
0.0	0.897849462366	0.0215053763441	0.0806451612903
0.511363636364	0.4375	0.0340909090909	0.0170454545455
0.0541666666667	0.695833333333	0.0875	0.1625
0.186746987952	0.313253012048	0.00602409638554	0.493975903614

MOTIF GSC2
letter-probability matrix:
0.228670634921	0.340277777778	0.219246031746	0.211805555556
0.176674937965	0.416377171216	0.0942928039702	0.312655086849
0.0544090056285	0.0	0.0	0.945590994371
0.854237288136	0.0368644067797	0.0237288135593	0.0851694915254
0.933765632237	0.00509495136637	0.0	0.0611394163965
0.0	0.0186194368756	0.0658492279746	0.91553133515
0.0960813865863	0.759608138659	0.0674453654861	0.076865109269
0.0594965675057	0.659038901602	0.137953579601	0.143510951291
0.101736972705	0.331513647643	0.346401985112	0.220347394541
0.25248015873	0.40376984127	0.0833333333333	0.260416666667

MOTIF SP1
letter-probability matrix:
0.181818181818	0.0909090909091	0.545454545455	0.181818181818
0.272727272727	0.0909090909091	0.545454545455	0.0909090909091
0.0	0.0	1.0	0.0
0.0	0.0	1.0	0.0
0.0	0.727272727273	0.181818181818	0.0909090909091
0.272727272727	0.0	0.545454545455	0.181818181818
0.0	0.0909090909091	0.636363636364	0.272727272727
0.0909090909091	0.0	0.727272727273	0.181818181818
0.0909090909091	0.181818181818	0.636363636364	0.0909090909091
0.272727272727	0.181818181818	0.0	0.545454545455

MOTIF SP2
letter-probability matrix:
0.285714285714	0.0	0.714285714286	0.0
0.047619047619	0.047619047619	0.904761904762	0.0
0.0	0.0	1.0	0.0
0.0	0.857142857143	0.142857142857	0.0
0.047619047619	0.0952380952381	0.857142857143	0.0
0.0	0.0	1.0	0.0
0.047619047619	0.0	0.904761904762	0.047619047619
0.857142857143	0.0	0.142857142857	0.0
0.0	1.0	0.0	0.0

MOTIF SP3
letter-probability matrix:
1.0	0.0	0.0	0.0
0.0	0.333333333333	0.5	0.166666666667
0.333333333333	0.5	0.0	0.166666666667
0.333333333333	0.666666666667	0.0	0.0
0.0	0.166666666667	0.166666666667	0.666666666667
0.166666666667	0.0	0.166666666667	0.666666666667
0.0	0.333333333333	0.666666666667	0.0
0.0	0.0	0.666666666667	0.333333333333
0.0	0.0	1.0	0.0
0.166666666667	0.333333333333	0.5	0.0
0.5	0.166666666667	0.333333333333	0.0
0.166666666667	0.0	0.833333333333	0.0
0.0	0.166666666667	0.833333333333	0.0
0.0	0.0	1.0	0.0

MOTIF SP4
letter-probability matrix:
0.0714285714286	0.285714285714	0.5	0.142857142857
0.0714285714286	0.785714285714	0.142857142857	0.0
0.0	0.857142857143	0.0714285714286	0.0714285714286
0.0	1.0	0.0	0.0
0.0	1.0	0.0	0.0
0.0714285714286	0.0	0.642857142857	0.285714285714
0.0	1.0	0.0	0.0
0.0	1.0	0.0	0.0
0.0	1.0	0.0	0.0
0.214285714286	0.714285714286	0.0714285714286	0.0
0.0714285714286	0.428571428571	0.357142857143	0.142857142857

MOTIF EHF
letter-probability matrix:
0.42566943675	0.161588180979	0.132040627886	0.280701754386
0.826408125577	0.0313942751616	0.0304709141274	0.111726685134
0.0970488081725	0.694665153235	0.125425652667	0.0828603859251
0.0733568075117	0.75117370892	0.170774647887	0.00469483568075
0.112389979689	0.872037914692	0.0108327691266	0.00473933649289
0.00136892539357	0.000684462696783	0.99794661191	0.0
0.0	0.0	1.0	0.0
0.992623814542	0.00421496311907	0.00105374077977	0.00210748155954
0.976165803109	0.0103626943005	0.00932642487047	0.00414507772021
0.125637755102	0.0184948979592	0.847576530612	0.00829081632653
0.028125	0.05703125	0.02265625	0.8921875
0.512671976828	0.086169442433	0.238957277335	0.162201303403

MOTIF FOXL1
letter-probability matrix:
0.304347826087	0.0434782608696	0.173913043478	0.478260869565
0.434782608696	0.173913043478	0.0869565217391	0.304347826087
0.260869565217	0.130434782609	0.260869565217	0.347826086957
0.565217391304	0.173913043478	0.173913043478	0.0869565217391
0.173913043478	0.434782608696	0.0869565217391	0.304347826087
0.913043478261	0.0	0.0869565217391	0.0
0.0	0.0869565217391	0.0	0.913043478261
0.95652173913	0.0434782608696	0.0	0.0
1.0	0.0	0.0	0.0
1.0	0.0	0.0	0.0
0.0	0.608695652174	0.0	0.391304347826
0.913043478261	0.0434782608696	0.0434782608696	0.0
0.391304347826	0.173913043478	0.0869565217391	0.347826086957
0.304347826087	0.130434782609	0.391304347826	0.173913043478
0.434782608696	0.130434782609	0.217391304348	0.217391304348
0.304347826087	0.173913043478	0.173913043478	0.347826086957

MOTIF DLX5
letter-probability matrix:
0.111111111111	0.292929292929	0.373737373737	0.222222222222
0.17	0.29	0.37	0.17
0.282828282828	0.171717171717	0.494949494949	0.0505050505051
0.18	0.14	0.59	0.09
0.01	0.38	0.0	0.61
0.97	0.02	0.0	0.01
0.98	0.0	0.01	0.01
0.01	0.01	0.0	0.98
0.01	0.0	0.02	0.97
0.61	0.0	0.38	0.01
0.191919191919	0.252525252525	0.373737373737	0.181818181818
0.0505050505051	0.494949494949	0.171717171717	0.282828282828
0.07	0.17	0.37	0.39
0.26	0.34	0.23	0.17
0.15	0.22	0.22	0.41
0.19	0.27	0.35	0.19

MOTIF GATA6
letter-probability matrix:
0.353535353535	0.10101010101	0.161616161616	0.383838383838
0.38	0.24	0.16	0.22
0.3	0.17	0.22	0.31
0.383838383838	0.282828282828	0.191919191919	0.141414141414
0.222222222222	0.151515151515	0.313131313131	0.313131313131
0.55	0.11	0.0	0.34
0.0	0.0	0.99	0.01
0.99	0.0	0.0	0.01
0.0	0.01	0.0	0.99
0.89	0.0	0.0	0.11
0.94	0.01	0.01	0.04
0.03	0.22	0.72	0.03
0.52	0.24	0.2	0.04
0.39	0.12	0.25	0.24
0.21	0.13	0.18	0.48
0.222222222222	0.212121212121	0.171717171717	0.393939393939
0.27	0.22	0.34	0.17

MOTIF GATA4
letter-probability matrix:
0.857142857143	0.0	0.0	0.142857142857
0.142857142857	0.0	0.714285714286	0.142857142857
1.0	0.0	0.0	0.0
0.285714285714	0.0	0.0	0.714285714286
0.714285714286	0.142857142857	0.0	0.142857142857
0.428571428571	0.0	0.285714285714	0.285714285714
0.428571428571	0.428571428571	0.142857142857	0.0
0.714285714286	0.0	0.285714285714	0.0
0.0	0.0	1.0	0.0
0.285714285714	0.0	0.571428571429	0.142857142857
0.142857142857	0.285714285714	0.571428571429	0.0
0.857142857143	0.0	0.142857142857	0.0

MOTIF GATA5
letter-probability matrix:
0.33	0.19	0.11	0.37
0.4	0.14	0.17	0.29
0.39	0.15	0.18	0.28
0.41	0.13	0.26	0.2
0.06	0.63	0.12	0.19
0.18	0.08	0.0	0.74
0.0	0.0	1.0	0.0
1.0	0.0	0.0	0.0
0.01	0.0	0.0	0.99
0.96	0.01	0.0	0.03
0.960396039604	0.00990099009901	0.00990099009901	0.019801980198
0.049504950495	0.148514851485	0.772277227723	0.029702970297
0.485148514851	0.128712871287	0.336633663366	0.049504950495
0.42	0.18	0.27	0.13
0.227722772277	0.19801980198	0.326732673267	0.247524752475
0.48	0.14	0.16	0.22
0.23	0.22	0.23	0.32

MOTIF GATA2
letter-probability matrix:
0.11320754717	0.301886792453	0.339622641509	0.245283018868
0.283018867925	0.339622641509	0.339622641509	0.0377358490566
0.245283018868	0.22641509434	0.339622641509	0.188679245283
0.0	0.0754716981132	0.924528301887	0.0
0.981132075472	0.0	0.0	0.0188679245283
0.0	0.0188679245283	0.0	0.981132075472
0.509433962264	0.11320754717	0.264150943396	0.11320754717
0.132075471698	0.245283018868	0.433962264151	0.188679245283
0.0943396226415	0.377358490566	0.283018867925	0.245283018868
0.132075471698	0.245283018868	0.358490566038	0.264150943396

MOTIF GATA3
letter-probability matrix:
0.178217821782	0.316831683168	0.118811881188	0.386138613861
0.138613861386	0.178217821782	0.207920792079	0.475247524752
0.25	0.24	0.17	0.34
0.24	0.21	0.24	0.31
0.272727272727	0.212121212121	0.363636363636	0.151515151515
0.1	0.32	0.19	0.39
0.5	0.14	0.03	0.33
0.05	0.02	0.9	0.03
0.92	0.03	0.02	0.03
0.030303030303	0.0707070707071	0.020202020202	0.878787878788
0.24	0.23	0.23	0.3
0.11	0.22	0.28	0.39
0.148514851485	0.168316831683	0.138613861386	0.544554455446
0.84	0.05	0.06	0.05
0.04	0.07	0.07	0.82
0.05	0.85	0.03	0.07
0.38	0.02	0.4	0.2
0.376237623762	0.217821782178	0.257425742574	0.148514851485
0.09	0.36	0.28	0.27
0.3	0.18	0.18	0.34
0.30303030303	0.252525252525	0.111111111111	0.333333333333
0.35	0.27	0.14	0.24

MOTIF GATA1
letter-probability matrix:
0.0943396226415	0.415094339623	0.377358490566	0.11320754717
0.207547169811	0.320754716981	0.377358490566	0.0943396226415
0.207547169811	0.283018867925	0.188679245283	0.320754716981
0.0	0.0	1.0	0.0
0.943396226415	0.0188679245283	0.0	0.0377358490566
0.0188679245283	0.0188679245283	0.0188679245283	0.943396226415
0.339622641509	0.11320754717	0.339622641509	0.207547169811
0.11320754717	0.264150943396	0.452830188679	0.169811320755
0.115384615385	0.269230769231	0.346153846154	0.269230769231
0.134615384615	0.211538461538	0.365384615385	0.288461538462

MOTIF MAX
letter-probability matrix:
0.0714285714286	0.571428571429	0.214285714286	0.142857142857
0.214285714286	0.5	0.142857142857	0.142857142857
0.285714285714	0.142857142857	0.428571428571	0.142857142857
0.214285714286	0.214285714286	0.571428571429	0.0
0.357142857143	0.571428571429	0.0714285714286	0.0
0.0	1.0	0.0	0.0
1.0	0.0	0.0	0.0
0.0	0.785714285714	0.0714285714286	0.142857142857
0.0	0.0	1.0	0.0
0.0	0.0	0.0	1.0
0.0	0.0	1.0	0.0
0.214285714286	0.5	0.214285714286	0.0714285714286

MOTIF CART1
letter-probability matrix:
0.253053353332	0.256053139061	0.208913649025	0.281979858582
0.184423218222	0.0900808229243	0.0396767083027	0.685819250551
0.730817413091	0.036172878171	0.116191669277	0.116818039461
0.958316221766	0.0147843942505	0.0190965092402	0.00780287474333
0.0996630608264	0.260329845717	0.0727079269374	0.567299166519
0.0689543015124	0.343795739145	0.172223125711	0.415026833631
0.0808620372076	0.334499907902	0.0594953030024	0.525142751888
0.752499193808	0.0559496936472	0.142373427926	0.0491776846179
0.906213592233	0.0320388349515	0.0361165048544	0.0256310679612
0.00126849894292	0.0107822410148	0.00126849894292	0.986680761099
0.147740345111	0.0693508627773	0.0159408381265	0.766967953985
0.769370260468	0.0207715133531	0.0834157599736	0.126442466205
0.313759108444	0.215387912559	0.257393913416	0.213459065581

MOTIF MAZ
letter-probability matrix:
0.142857142857	0.178571428571	0.5	0.178571428571
0.178571428571	0.0	0.535714285714	0.285714285714
0.178571428571	0.25	0.535714285714	0.0357142857143
0.0	0.0	0.964285714286	0.0357142857143
0.0	0.0	1.0	0.0
0.535714285714	0.107142857143	0.142857142857	0.214285714286
0.0357142857143	0.0	0.928571428571	0.0357142857143
0.0714285714286	0.0714285714286	0.821428571429	0.0357142857143
0.285714285714	0.0	0.714285714286	0.0
0.321428571429	0.0	0.678571428571	0.0
0.535714285714	0.0714285714286	0.285714285714	0.107142857143
0.0	0.0	0.925925925926	0.0740740740741
0.0740740740741	0.111111111111	0.666666666667	0.148148148148
0.333333333333	0.037037037037	0.555555555556	0.0740740740741

MOTIF AHR
letter-probability matrix:
0.0	1.0	0.0	0.0
0.958333333333	0.0416666666667	0.0	0.0
0.0208333333333	0.979166666667	0.0	0.0
0.0	0.0	0.9375	0.0625
0.0	0.895833333333	0.0208333333333	0.0833333333333
0.395833333333	0.208333333333	0.229166666667	0.166666666667

MOTIF HSFY2
letter-probability matrix:
0.231818181818	0.0909090909091	0.0727272727273	0.604545454545
0.167630057803	0.0202312138728	0.0433526011561	0.768786127168
0.125	0.791666666667	0.077380952381	0.00595238095238
0.00292397660819	0.0730994152047	0.777777777778	0.146198830409
0.901694915254	0.0610169491525	0.00677966101695	0.0305084745763
0.705570291777	0.0450928381963	0.0291777188329	0.220159151194
0.345864661654	0.300751879699	0.131578947368	0.221804511278
0.264150943396	0.4	0.233962264151	0.101886792453
0.4	0.120754716981	0.422641509434	0.0566037735849
0.276785714286	0.0714285714286	0.0580357142857	0.59375
0.0594059405941	0.046204620462	0.016501650165	0.877887788779
0.132716049383	0.820987654321	0.0432098765432	0.00308641975309
0.0	0.149214659686	0.696335078534	0.15445026178
0.839116719243	0.0788643533123	0.0252365930599	0.0567823343849
0.634844868735	0.0859188544153	0.0692124105012	0.210023866348

MOTIF MAF
letter-probability matrix:
0.2	0.0	0.0	0.8
0.4	0.0	0.4	0.2
0.2	0.0	0.8	0.0
0.6	0.0	0.4	0.0
0.4	0.0	0.6	0.0
0.0	0.0	1.0	0.0
0.0	0.0	1.0	0.0
1.0	0.0	0.0	0.0
1.0	0.0	0.0	0.0
0.0	0.0	1.0	0.0
0.0	0.0	0.0	1.0
0.0	0.0	0.4	0.6
0.0	0.0	0.6	0.4
0.0	0.4	0.4	0.2
0.0	0.6	0.4	0.0
0.2	0.0	0.2	0.6

MOTIF ZSCAN10
letter-probability matrix:
0.00400801603206	0.214428857715	0.0280561122244	0.753507014028
0.0521042084168	0.00200400801603	0.943887775551	0.00200400801603
0.0220440881764	0.971943887776	0.00400801603206	0.00200400801603
0.0100200400802	0.00801603206413	0.96993987976	0.0120240480962
0.00200400801603	0.981963927856	0.0120240480962	0.00400801603206
0.86372745491	0.0541082164329	0.0661322645291	0.0160320641283
0.0480961923848	0.108216432866	0.37875751503	0.464929859719
0.0120240480962	0.0280561122244	0.945891783567	0.0140280561122
0.0060120240481	0.951903807615	0.00400801603206	0.0380761523046
0.0100200400802	0.0240480961924	0.861723446894	0.104208416834
0.00200400801603	0.865731462926	0.0180360721443	0.114228456914

MOTIF YBX1
letter-probability matrix:
0.0	1.0	0.0	0.0
0.1	0.8	0.1	0.0
0.8	0.1	0.0	0.1
0.5	0.35	0.15	0.0
0.0	0.1	0.0	0.9
0.1	0.5	0.25	0.15
0.35	0.15	0.25	0.25
0.25	0.1	0.55	0.1
0.45	0.35	0.15	0.05
0.45	0.15	0.35	0.05

MOTIF CTCF
letter-probability matrix:
0.217821782178	0.237623762376	0.326732673267	0.217821782178
0.0606060606061	0.353535353535	0.212121212121	0.373737373737
0.20202020202	0.191919191919	0.414141414141	0.191919191919
0.28	0.06	0.57	0.09
0.05	0.87	0.05	0.03
0.02	0.96	0.01	0.01
0.676767676768	0.020202020202	0.141414141414	0.161616161616
0.05	0.53	0.41	0.01
0.13	0.54	0.12	0.21
0.891089108911	0.019801980198	0.039603960396	0.049504950495
0.01	0.01	0.97	0.01
0.39	0.01	0.59	0.01
0.03	0.02	0.62	0.33
0.019801980198	0.00990099009901	0.960396039604	0.00990099009901
0.02	0.03	0.91	0.04
0.168316831683	0.712871287129	0.019801980198	0.0990099009901
0.39	0.02	0.51	0.08
0.04	0.52	0.41	0.03
0.148514851485	0.376237623762	0.138613861386	0.336633663366
0.31	0.28	0.33	0.08

MOTIF HINFP
letter-probability matrix:
0.0404217926186	0.597539543058	0.186291739895	0.175746924429
0.489690721649	0.225085910653	0.194158075601	0.0910652920962
0.497297297297	0.0810810810811	0.390990990991	0.0306306306306
0.00202839756592	0.787018255578	0.196754563895	0.0141987829615
0.0	0.0275590551181	0.952755905512	0.0196850393701
0.0	0.0	0.0	1.0
0.0	0.968824940048	0.031175059952	0.0
0.0	0.992788461538	0.0	0.00721153846154
0.0	0.0591603053435	0.900763358779	0.0400763358779
0.00236406619385	0.933806146572	0.0354609929078	0.0283687943262
0.2	0.129411764706	0.442352941176	0.228235294118
0.182464454976	0.199052132701	0.364928909953	0.25355450237

MOTIF SOX18
letter-probability matrix:
0.17	0.24	0.19	0.4
0.366336633663	0.128712871287	0.118811881188	0.386138613861
0.151515151515	0.333333333333	0.212121212121	0.30303030303
0.41	0.29	0.02	0.28
0.920792079208	0.00990099009901	0.00990099009901	0.0594059405941
0.02	0.01	0.01	0.96
0.02	0.0	0.01	0.97
0.11	0.03	0.84	0.02
0.05	0.01	0.02	0.92
0.11	0.08	0.05	0.76
0.21	0.28	0.25	0.26
0.23	0.14	0.08	0.55
0.37	0.28	0.17	0.18
0.475247524752	0.0990099009901	0.178217821782	0.247524752475
0.376237623762	0.277227722772	0.138613861386	0.207920792079
0.35	0.24	0.15	0.26

MOTIF BHLHA15
letter-probability matrix:
0.685227160737	0.0679018429092	0.139647186361	0.107223809993
0.248447817089	0.705233073815	0.0459249039125	0.000394205183798
0.00294579732914	0.996465043205	0.000589159465829	0.0
0.989952199785	0.00107306604234	0.00877963125549	0.000195102916789
0.0	0.0	0.00539057140057	0.994609428599
0.993343774471	0.00665622552858	0.0	0.0
0.000676589986468	0.0184612410593	0.0	0.980862168954
0.0	0.0	0.99764058199	0.00235941801022
0.000886874260938	0.122979897517	0.587110760741	0.289022467481
0.1594402838	0.234726054395	0.0432597556169	0.562573906188

MOTIF SOX10
letter-probability matrix:
0.25	0.666666666667	0.0	0.0833333333333
0.416666666667	0.0	0.0833333333333	0.5
0.0833333333333	0.0833333333333	0.0	0.833333333333
0.0	0.0	0.0	1.0
0.0	0.0	1.0	0.0
0.0	0.0833333333333	0.166666666667	0.75
0.25	0.333333333333	0.333333333333	0.0833333333333

MOTIF BACH2
letter-probability matrix:
0.0909090909091	0.5	0.318181818182	0.0909090909091
0.384615384615	0.0769230769231	0.5	0.0384615384615
0.0	0.0	0.0769230769231	0.923076923077
0.0	0.0	0.961538461538	0.0384615384615
0.692307692308	0.230769230769	0.0384615384615	0.0384615384615
0.0769230769231	0.0	0.923076923077	0.0
0.0384615384615	0.0	0.0384615384615	0.923076923077
0.0769230769231	0.884615384615	0.0384615384615	0.0
0.954545454545	0.0	0.0454545454545	0.0
0.1	0.25	0.15	0.5
0.15	0.55	0.25	0.05

MOTIF SOX12
letter-probability matrix:
0.121212121212	0.232323232323	0.111111111111	0.535353535354
0.415841584158	0.237623762376	0.029702970297	0.316831683168
0.848484848485	0.0	0.010101010101	0.141414141414
0.01	0.01	0.01	0.97
0.02	0.0	0.01	0.97
0.05	0.01	0.93	0.01
0.02	0.0	0.01	0.97
0.04	0.06	0.02	0.88
0.23	0.42	0.18	0.17
0.16	0.11	0.07	0.66
0.29	0.26	0.2	0.25
0.564356435644	0.108910891089	0.108910891089	0.217821782178
0.42	0.15	0.09	0.34
0.27	0.28	0.2	0.25

MOTIF GSX1
letter-probability matrix:
0.279797125951	0.330515638208	0.176669484362	0.213017751479
0.138630600169	0.452240067625	0.218089602705	0.191039729501
0.0915129151292	0.332103321033	0.0354243542435	0.540959409594
0.55	0.283098591549	0.0422535211268	0.124647887324
0.809165526676	0.0725034199726	0.0841313269494	0.0341997264022
0.0664206642066	0.0583025830258	0.00221402214022	0.873062730627
0.0759856630824	0.0759856630824	0.0	0.848028673835
0.913513513514	0.0	0.00694980694981	0.0795366795367
0.378698224852	0.210481825866	0.264581572274	0.146238377008
0.295608108108	0.257601351351	0.180743243243	0.266047297297

MOTIF SOX14
letter-probability matrix:
0.191919191919	0.141414141414	0.363636363636	0.30303030303
0.27	0.31	0.12	0.3
0.217821782178	0.217821782178	0.188118811881	0.376237623762
0.58	0.1	0.09	0.23
0.909090909091	0.030303030303	0.010101010101	0.0505050505051
0.09	0.02	0.03	0.86
0.19	0.02	0.02	0.77
0.79	0.01	0.18	0.02
0.02	0.18	0.01	0.79
0.77	0.02	0.02	0.19
0.86	0.03	0.02	0.09
0.0505050505051	0.010101010101	0.030303030303	0.909090909091
0.37	0.1	0.13	0.4
0.444444444444	0.111111111111	0.151515151515	0.292929292929
0.26	0.08	0.32	0.34
0.27	0.29	0.21	0.23

MOTIF SOX15
letter-probability matrix:
0.29	0.14	0.12	0.45
0.28	0.21	0.28	0.23
0.2	0.17	0.34	0.29
0.34	0.09	0.2	0.37
0.217821782178	0.0693069306931	0.485148514851	0.227722772277
0.792079207921	0.049504950495	0.0891089108911	0.0693069306931
0.93	0.01	0.01	0.05
0.02	0.89	0.01	0.08
0.96	0.01	0.01	0.02
0.960396039604	0.00990099009901	0.00990099009901	0.019801980198
0.0891089108911	0.019801980198	0.00990099009901	0.881188118812
0.48	0.01	0.1	0.41
0.30303030303	0.10101010101	0.464646464646	0.131313131313
0.455445544554	0.118811881188	0.306930693069	0.118811881188
0.21	0.24	0.22	0.33
0.326732673267	0.178217821782	0.118811881188	0.376237623762
0.19	0.19	0.19	0.43

MOTIF SOX17
letter-probability matrix:
0.612903225806	0.258064516129	0.0967741935484	0.0322580645161
1.0	0.0	0.0	0.0
0.0	1.0	0.0	0.0
1.0	0.0	0.0	0.0
1.0	0.0	0.0	0.0
0.0	0.0	0.0	1.0

MOTIF ZIC4
letter-probability matrix:
0.0768106312292	0.124119601329	0.548305647841	0.250764119601
0.558066308576	0.150398221893	0.287645860345	0.00388960918689
0.0944527736132	0.860569715142	0.0155922038981	0.0293853073463
0.0620730620731	0.858330858331	0.035937035937	0.043659043659
0.158615344872	0.712219064841	0.058124515629	0.0710410746577
0.00265957446809	0.997007978723	0.0	0.000332446808511
0.0366559485531	0.959807073955	0.0	0.00353697749196
0.00720720720721	0.667267267267	0.0018018018018	0.323723723724
0.181682429069	0.0112825618052	0.795586527294	0.0114484818318
0.006718924972	0.638017917133	0.070548712206	0.284714445689
0.143951833607	0.118363437329	0.260399562124	0.47728516694
0.0475225640081	0.0033155277215	0.936820777307	0.0123411309633
0.185214417259	0.274664561957	0.157590107866	0.382530912918
0.0119277885235	0.0728562217924	0.728884590587	0.186331399097
0.302007808143	0.341327384272	0.101226993865	0.25543781372

MOTIF ZIC2
letter-probability matrix:
0.17	0.3	0.28	0.25
0.272727272727	0.494949494949	0.0909090909091	0.141414141414
0.14	0.72	0.03	0.11
0.12	0.77	0.05	0.06
0.1	0.84	0.03	0.03
0.06	0.81	0.07	0.06
0.0594059405941	0.762376237624	0.158415841584	0.019801980198
0.07	0.11	0.63	0.19
0.06	0.07	0.81	0.06
0.03	0.03	0.84	0.1
0.06	0.05	0.77	0.12
0.11	0.03	0.72	0.14
0.12	0.07	0.61	0.2
0.0693069306931	0.217821782178	0.554455445545	0.158415841584
0.178217821782	0.19801980198	0.207920792079	0.415841584158

MOTIF ZIC3
letter-probability matrix:
0.171428571429	0.257142857143	0.142857142857	0.428571428571
0.0857142857143	0.0285714285714	0.885714285714	0.0
0.0285714285714	0.0285714285714	0.828571428571	0.114285714286
0.0571428571429	0.0571428571429	0.828571428571	0.0571428571429
0.142857142857	0.0285714285714	0.285714285714	0.542857142857
0.142857142857	0.114285714286	0.657142857143	0.0857142857143
0.171428571429	0.171428571429	0.542857142857	0.114285714286
0.0857142857143	0.2	0.0857142857143	0.628571428571
0.0857142857143	0.628571428571	0.142857142857	0.142857142857

MOTIF ZIC1
letter-probability matrix:
0.0280289103226	0.0990707396308	0.647258807827	0.22564154222
0.692469448085	0.0810654313839	0.225764178832	0.000700941699936
0.027896422851	0.965997063534	0.00193539775761	0.00417111585691
0.0408189627333	0.943518697927	0.00658787056772	0.0090744687722
0.088678667438	0.868649402797	0.0111273692449	0.03154456052
0.0	0.999625977559	0.00013600816049	0.000238014280857
0.00622036918732	0.992972663999	0.000336236172287	0.000470730641202
0.000765297248409	0.640484224441	0.0	0.358750478311
0.0630225080386	0.00131540485238	0.935252850044	0.000409237065186
0.000664298298819	0.792132397539	0.012679432747	0.194523871415
0.0341416809509	0.0493719616714	0.155421923736	0.761064433641
0.00210090079719	0.000690707111405	0.997179612628	2.87794629752e-05
0.108768383634	0.268104830278	0.0588973304524	0.564229455635
0.0009281111612	0.0137890801093	0.913022725465	0.0722600832648

MOTIF NR1H4
letter-probability matrix:
0.0	0.0	0.0	1.0
0.0	0.0	1.0	0.0
0.7	0.0	0.2	0.1
0.1	0.9	0.0	0.0
0.0	1.0	0.0	0.0
0.2	0.1	0.2	0.5

MOTIF NR1H2
letter-probability matrix:
0.275	0.225	0.175	0.325
0.0	0.0714285714286	0.0	0.928571428571
0.0	0.0238095238095	0.97619047619	0.0
0.666666666667	0.190476190476	0.0714285714286	0.0714285714286
0.166666666667	0.738095238095	0.0238095238095	0.0714285714286
0.0238095238095	0.97619047619	0.0	0.0
0.119047619048	0.0952380952381	0.333333333333	0.452380952381
0.166666666667	0.333333333333	0.261904761905	0.238095238095
0.238095238095	0.357142857143	0.166666666667	0.238095238095
0.619047619048	0.0714285714286	0.142857142857	0.166666666667
0.0952380952381	0.142857142857	0.714285714286	0.047619047619
0.0714285714286	0.0238095238095	0.047619047619	0.857142857143
0.380952380952	0.047619047619	0.52380952381	0.047619047619
0.928571428571	0.0238095238095	0.0238095238095	0.0238095238095
0.047619047619	0.690476190476	0.0952380952381	0.166666666667
0.0238095238095	0.857142857143	0.0238095238095	0.0952380952381
0.142857142857	0.5	0.0	0.357142857143
0.175	0.475	0.15	0.2
0.225	0.15	0.425	0.2

MOTIF NR1H3
letter-probability matrix:
0.125	0.25	0.0	0.625
0.25	0.0	0.625	0.125
0.0	0.125	0.75	0.125
0.0	0.0	1.0	0.0
0.0	0.0	1.0	0.0
0.0	0.0	0.0	1.0
0.0	0.5	0.0	0.5
0.875	0.125	0.0	0.0
0.0	0.75	0.125	0.125
0.0	0.25	0.125	0.625
0.25	0.25	0.375	0.125
0.125	0.25	0.5	0.125
0.25	0.5	0.25	0.0
0.0	0.0	1.0	0.0
0.0	0.0	0.75	0.25
0.0	0.0	0.25	0.75
0.0	1.0	0.0	0.0
0.875	0.0	0.125	0.0

MOTIF FOXJ1
letter-probability matrix:
0.45	0.21	0.12	0.22
0.267326732673	0.217821782178	0.247524752475	0.267326732673
0.37	0.18	0.17	0.28
0.353535353535	0.030303030303	0.585858585859	0.030303030303
0.04	0.09	0.01	0.86
0.828282828283	0.161616161616	0.0	0.010101010101
0.84	0.07	0.0	0.09
0.960396039604	0.00990099009901	0.00990099009901	0.019801980198
0.01	0.91	0.0	0.08
0.940594059406	0.00990099009901	0.00990099009901	0.039603960396
0.6	0.17	0.07	0.16
0.71	0.04	0.07	0.18
0.30303030303	0.292929292929	0.181818181818	0.222222222222
0.29	0.18	0.25	0.28
0.24	0.21	0.25	0.3
0.22	0.16	0.29	0.33

MOTIF FOXJ2
letter-probability matrix:
0.407824933687	0.0344827586207	0.547082228117	0.0106100795756
0.0619178082192	0.137534246575	0.0115068493151	0.78904109589
0.835751596053	0.148578061521	0.0110272780035	0.00464306442252
0.93083387201	0.0581771170006	0.0	0.010989010989
0.979591836735	0.0	0.00136054421769	0.0190476190476
0.0126103404792	0.907944514502	0.00126103404792	0.078184110971
0.991052993806	0.0	0.00894700619408	0.0
0.577385725742	0.170008019246	0.0801924619086	0.172413793103

MOTIF FOXJ3
letter-probability matrix:
0.453437771976	0.0	0.546562228024	0.0
0.129527317373	0.049109883364	0.116022099448	0.705340699816
0.910459587956	0.0356576862124	0.0309033280507	0.0229793977813
0.922150882825	0.00963081861958	0.0216693418941	0.0465489566613
0.900470219436	0.0	0.0462382445141	0.0532915360502
0.234165067179	0.551343570058	0.143953934741	0.070537428023
0.993944636678	0.0	0.0060553633218	0.0
0.705773955774	0.0909090909091	0.0755528255528	0.127764127764

MOTIF HOXB2
letter-probability matrix:
0.282569631626	0.22536687631	0.267295597484	0.224767894579
0.214253630783	0.286569845785	0.326995059141	0.172181464291
0.129119861745	0.249475373411	0.0464140229601	0.574990741884
0.57586116224	0.302261372601	0.095056534315	0.0268209308441
0.912057899768	0.0255359825208	0.0514816332104	0.0109244845009
0.0	0.0	0.0	1.0
0.0581043609781	0.0935215528107	0.00655407108646	0.841820015125
0.919972451791	0.0245179063361	0.00468319559229	0.050826446281
0.324599490942	0.195987423267	0.313070818985	0.166342266806
0.239706542896	0.321305584668	0.236712082647	0.202275789789

MOTIF HOXB3
letter-probability matrix:
0.38	0.05	0.05	0.52
0.29	0.13	0.52	0.06
0.55	0.2	0.13	0.12
0.26	0.27	0.32	0.15
0.08	0.57	0.2	0.15
0.01	0.11	0.0	0.88
0.74	0.26	0.0	0.0
0.989898989899	0.0	0.0	0.010101010101
0.010101010101	0.0	0.0	0.989898989899
0.0	0.0	0.26	0.74
0.88	0.0	0.11	0.01
0.15	0.2	0.57	0.08
0.05	0.34	0.12	0.49
0.19	0.15	0.3	0.36
0.323232323232	0.232323232323	0.383838383838	0.0606060606061
0.306930693069	0.118811881188	0.39603960396	0.178217821782
0.405940594059	0.138613861386	0.19801980198	0.257425742574

MOTIF HOXB6
letter-probability matrix:
0.287128712871	0.138613861386	0.0594059405941	0.514851485149
0.544554455446	0.0990099009901	0.0792079207921	0.277227722772
0.18	0.04	0.18	0.6
0.178217821782	0.0990099009901	0.346534653465	0.376237623762
0.17	0.3	0.33	0.2
0.0707070707071	0.111111111111	0.676767676768	0.141414141414
0.02	0.2	0.02	0.76
0.83	0.12	0.02	0.03
0.959595959596	0.010101010101	0.010101010101	0.020202020202
0.020202020202	0.010101010101	0.010101010101	0.959595959596
0.03	0.02	0.12	0.83
0.76	0.02	0.2	0.02
0.11	0.74	0.06	0.09
0.2	0.33	0.3	0.17
0.26	0.13	0.29	0.32
0.18	0.25	0.24	0.33

MOTIF HOXB7
letter-probability matrix:
0.1	0.29	0.45	0.16
0.158415841584	0.237623762376	0.207920792079	0.39603960396
0.64	0.21	0.09	0.06
0.0909090909091	0.222222222222	0.393939393939	0.292929292929
0.03	0.06	0.0	0.91
0.93	0.04	0.0	0.03
0.96	0.01	0.0	0.03
0.03	0.0	0.01	0.96
0.03	0.0	0.04	0.93
0.91	0.0	0.06	0.03
0.4	0.31	0.17	0.12
0.06	0.09	0.21	0.64
0.1	0.09	0.56	0.25
0.21	0.31	0.25	0.23
0.31	0.25	0.15	0.29
0.45	0.13	0.29	0.13

MOTIF HOXB4
letter-probability matrix:
0.15	0.59	0.17	0.09
0.247524752475	0.217821782178	0.316831683168	0.217821782178
0.31	0.32	0.16	0.21
0.343434343434	0.121212121212	0.414141414141	0.121212121212
0.0808080808081	0.171717171717	0.0606060606061	0.686868686869
0.019801980198	0.0990099009901	0.0	0.881188118812
0.94	0.06	0.0	0.0
0.989898989899	0.0	0.0	0.010101010101
0.010101010101	0.0	0.0	0.989898989899
0.0	0.0	0.06	0.94
0.881188118812	0.0	0.0990099009901	0.019801980198
0.686868686869	0.0606060606061	0.171717171717	0.0808080808081
0.1	0.22	0.17	0.51
0.32	0.18	0.13	0.37
0.52	0.2	0.18	0.1
0.3	0.32	0.09	0.29
0.16	0.4	0.16	0.28

MOTIF HOXB5
letter-probability matrix:
0.357303370787	0.191011235955	0.26404494382	0.187640449438
0.25309336333	0.258717660292	0.247469066367	0.240719910011
0.0703933747412	0.335403726708	0.00828157349896	0.585921325052
0.582591493571	0.296735905045	0.0237388724036	0.0969337289812
0.864785992218	0.135214007782	0.0	0.0
0.0	0.0	0.0	1.0
0.0	0.193202146691	0.0116279069767	0.795169946333
0.680183626626	0.18286151492	0.0	0.136954858454
0.370078740157	0.166479190101	0.258717660292	0.204724409449
0.260674157303	0.222471910112	0.260674157303	0.256179775281

MOTIF ZFP161
letter-probability matrix:
0.176470588235	0.352941176471	0.176470588235	0.294117647059
0.352941176471	0.0588235294118	0.529411764706	0.0588235294118
0.176470588235	0.117647058824	0.470588235294	0.235294117647
0.294117647059	0.117647058824	0.588235294118	0.0
0.176470588235	0.235294117647	0.470588235294	0.117647058824
0.294117647059	0.0588235294118	0.588235294118	0.0588235294118
0.0	0.823529411765	0.0	0.176470588235
0.117647058824	0.0	0.705882352941	0.176470588235
0.0588235294118	0.647058823529	0.0588235294118	0.235294117647
0.117647058824	0.117647058824	0.647058823529	0.117647058824
0.0	0.823529411765	0.0588235294118	0.117647058824
0.352941176471	0.0	0.0588235294118	0.588235294118
0.294117647059	0.117647058824	0.176470588235	0.411764705882

MOTIF CUX1
letter-probability matrix:
0.190476190476	0.380952380952	0.142857142857	0.285714285714
0.318181818182	0.0909090909091	0.318181818182	0.272727272727
0.227272727273	0.136363636364	0.272727272727	0.363636363636
0.227272727273	0.181818181818	0.136363636364	0.454545454545
0.304347826087	0.0	0.217391304348	0.478260869565
0.0434782608696	0.0	0.652173913043	0.304347826087
0.521739130435	0.173913043478	0.0	0.304347826087
0.0434782608696	0.478260869565	0.0869565217391	0.391304347826
0.347826086957	0.434782608696	0.173913043478	0.0434782608696
0.652173913043	0.0	0.260869565217	0.0869565217391
1.0	0.0	0.0	0.0
0.217391304348	0.0	0.0	0.782608695652
0.391304347826	0.0434782608696	0.391304347826	0.173913043478

MOTIF HOXC13
letter-probability matrix:
0.0875	0.661458333333	0.196875	0.0541666666667
0.0450538687561	0.62193927522	0.0215475024486	0.311459353575
0.693231441048	0.161572052402	0.00109170305677	0.144104803493
0.965045592705	0.0	0.00607902735562	0.0288753799392
0.00312012480499	0.00312012480499	0.00312012480499	0.990639625585
0.888111888112	0.0	0.00699300699301	0.104895104895
0.981452859351	0.00309119010819	0.0	0.015455950541
0.976923076923	0.0123076923077	0.0	0.0107692307692
0.798742138365	0.0641509433962	0.051572327044	0.085534591195
0.36062992126	0.27874015748	0.127559055118	0.233070866142

MOTIF HOXC12
letter-probability matrix:
0.181119015574	0.117285137474	0.66506441069	0.0365314362623
0.0102681118083	0.385624643468	0.00342270393611	0.600684540787
0.744832041344	0.119509043928	0.110249784668	0.0254091300603
0.893567553604	0.0118832343064	0.0798243347972	0.0147248772927
0.116415624202	0.0	0.000510594842992	0.883073780955
0.846756425949	0.0112607099143	0.00709914320685	0.13488372093
0.975740479549	0.000846262341326	0.000564174894217	0.0228490832158
0.973543484379	0.0112580917534	0.00168871376302	0.0135097101041
0.778878630939	0.0857914884035	0.0556181040306	0.0797117766269

MOTIF PPARA
letter-probability matrix:
